11111111111111111111111111111111111111111111111111111111111111111111111111111111111111111111111111111100000000000000000000000000
11111111111111111111111111111111111111111111111111111111111111111111111111111111111111111111111111111100000000000000000000000000
11111111111111111111111111111111111111111111111111111111111111111111111111111111111111111111111111111100000000000000000000000000
11111111111111111111111111111111111111111111111111111111111111111111111111111111111111111111111111111100000000000000000000000000
11111111111111111111111111111111111111111111111111111111111111111111111111111111111111111111111111111100000000000000000000000000
11111111111111111111111111111111111111111111111111111111111111111111111111111111111111111111111111111100000000000000000000000000
11111111111111111111111111111111111111111111111111111111111111111111111111111111111111111111111111111100000000000000000000000000
11111111111111111111111111111111111111111111111111111111111111111111111111111111111111111111111111111100000000000000000000000000
11111111111111111111111111111111111111111111111111111111111111111111111111111111111111111111111111111100000000000000000000000000
11111111111111111111111111111111111111111111111111111111111111111111111111111111111111111111111111111100000000000000000000000000
11111111111111111111111111111111111111111111111111111111111111111111111111111111111111111111111111111100000000000000000000000000
11111111111111111111111111111111111111111111111111011111111111111111111111111111111111111111111111111100000000000000000000000000
11111111111111111111111111111111111111110000000011111101111111111111111111111111111111111111111111111100000000000000000000000000
11111111111111111111111111111110111000000000000000000111111111111111111111111111111111111111111111111100000000000000000000000000
11111111111111111111111111111011100000000000000000000000011101111111111111111111111111111111111111111100000000000000000000000000
11111111111111111111111111101100000000111100100011000000000011101111111111111111111111111111111111111100000000000000000000000000
11111111111111111111111110110000000110000000000000000100000000111011111111111111111111111111111111111100000000000000000000000000
11111111111111111111111101100000110000000000000000000000100000001110111111111111111111111111111111111100000000000000000000000000
11111111111111111111110110000011000000000100000010000000000100000001101111111111111111111111111111111100000000000000000000000000
11111111111111111111101100000000000001111100000011111000000001000000111011111111111111111111111111111100000000000000000000000000
11111111111111111110110000010000001111111100010011111111000000010000001110111111111111111111111111111100000000000000000000000000
11111111111111111011100001000001110111111100010011111110111000000100000011011111111111111111111111111100000000000000000000000000
11111111111111110110000010000111111111111100010011111111111110000001000000111111111111111111111111111100000000000000000000000000
11111111111111011000001000000000000000000000010000000000000000000000110000000000000111111111111111111100000000000000000000000000
11111111111101100000010000000000000000000000010000000000000000000000001100000000000000000111111111111100000000000000000000000000
11111111101110000001110000000000000000000000010000000000000000000000001111000000000000000000111011111100000000000000000000000000
11111111110000000111001111111111111111111111101100000111111111111111110101111111111100000000000110111100000000000000000000000000
10111000000000011101111111111111111111111111111000000011111111111111111111111111110111111000000001100100000000000000000000000000
01000000000001110111011111111101111111111111111000000011111111111111111111111111111111011111000000110100000000000000000000000000
10000000001111011101110000000111011111111111110111111101111111111111111111101110000001110101111000001000000000000000000000000000
10001111111011111011000000000000110111111111111111111111111111111111111111011000000000001101101110000100000000000000000000000000
00011011111111110100000000000000011011111111111111111111111111111111111110100000000000000110111011000100000000000000000000000000
00010111111111101000000000000000000101111111111111111111111111111111111101000000000000000001011111100000000000000000000000000000
00011111111111111000000000000000000111111111111111111111111111111111111010000000000000000000101110100000000000000000000000000000
00011111111111010000000000000000000010111111111111111111111111111111111110000000000000000000111111100000000000000000000000000000
00011111111111110000000000000000000001111111111111111111111111111111110100000000000000000000010111100000000000000000000000000000
00011111111111100000000011110000000001011111111111111111111111111111111100000000011110000000011111100000000000000000000000000000
00010111111110100000000110011000000001111111111111111111111111111111111000000001101011000000001111100000000000000000000000000000
00011110111111100000001001110100000000111111111111111111111111111111111000000001011111100000001111100000000000000000000000000000
10000011111111000000011111111100000000111111111111111111111111111111111000000010111110100000001111100000000000000000000000000000
10000000000111000000010111111110000000111111111111111111111111111111111000000011111111100000001111100000000000000000000000000000
01000000000000000000011111111100000000111111111111111111111111111111111000000010111111100000001000000100000000000000000000000000
10111110000000000000001011110100000000000000000000000000000000000000000000000011111110100000000000000100000000000000000000000000
11111111111100000000001101101100000000000000000000000000000000000000000000000001011101000000000000000100000000000000000000000000
11111111111111111000000111111000000111110100000000000000000000000000000000000000111110000000111111111000000000000000000000000000
11111111111111111000000000000000000111111111111111111111111111111111111111000000000000000001111111111100000000000000000000000000
11111111111111110100000000000000001011111111111111111111111111111111111111100000000000000001111111111100000000000000000000000000
11111111111111111110000000000000010111111111111111111111111111111111111110100000000000000010111111111100000000000000000000000000
11111111111111111011000000000000111111111111111111111111111111111111111111011000000000000101111111111100000000000000000000000000
11111111111111111101100000000011001111111111111111111111111111111111111111101100000000011011111111111100000000000000000000000000
11111111111111111111011100001110111111111111111111111111111111111111111111111111100011110111111111111100000000000000000000000000
11111111111111111111111111111111111111111111111111111111111111111111111111111110111110111111111111111100000000000000000000000000
11111111111111111111111111111111111111111111111111111111111111111111111111111111111111111111111111111100000000000000000000000000
11111111111111111111111111111111111111111111111111111111111111111111111111111111111111111111111111111100000000000000000000000000
11111111111111111111111111111111111111111111111111111111111111111111111111111111111111111111111111111100000000000000000000000000
11111111111111111111111111111111111111111111111111111111111111111111111111111111111111111111111111111100000000000000000000000000
11111111111111111111111111111111111111111111111111111111111111111111111111111111111111111111111111111100000000000000000000000000
11111111111111111111111111111111111111111111111111111111111111111111111111111111111111111111111111111100000000000000000000000000
11111111111111111111111111111111111111111111111111111111111111111111111111111111111111111111111111111100000000000000000000000000
11111111111111111111111111111111111111111111111111111111111111111111111111111111111111111111111111111100000000000000000000000000
11111111111111111111111111111111111111111111111111111111111111111111111111111111111111111111111111111100000000000000000000000000
11111111111111111111111111111111111111111111111111111111111111111111111111111111111111111111111111111100000000000000000000000000
11111111111111111111111111111111111111111111111111111111111111111111111111111111111111111111111111111100000000000000000000000000
11111111111111111111111111111111111111111111111111111111111111111111111111111111111111111111111111111100000000000000000000000000
